    ]
  ],
  rawWalls: 177,
  rawFloors: 623,
  baseFamily: 'ground_red',
  wallFamily: 'water_chasm'
}
[server] malformed tilemap from host: {
  type: 'tilemap',
  rev: 10,
  worldRev: 2,
  floorIndex: 0,
  floorKind: 'entrance',
  tileSize: 32,
  rows: 20,
  cols: 40,
  grid: [
    [
      1, 1, 1, 1, 1, 1, 1, 1, 1, 1,
      1, 1, 1, 1, 1, 1, 1, 1, 1, 1,
      1, 1, 1, 1, 1, 1, 1, 1, 1, 1,
      1, 1, 1, 1, 1, 1, 1, 1, 1, 1
    ],
    [
      1, 0, 0, 0, 0, 0, 0, 0, 0, 0,
      0, 0, 0, 0, 0, 0, 0, 0, 0, 0,
      0, 0, 0, 0, 0, 0, 0, 0, 0, 0,
      0, 0, 0, 0, 0, 0, 0, 0, 0, 1
    ],
    [
      1, 0, 0, 0, 0, 0, 0, 0, 0, 0,
      0, 0, 0, 0, 0, 0, 0, 0, 0, 0,
      0, 0, 0, 0, 0, 0, 0, 0, 0, 0,
      0, 0, 0, 0, 0, 0, 0, 0, 0, 1
    ],
    [
      1, 0, 0, 0, 0, 0, 0, 0, 0, 0,
      0, 0, 0, 0, 0, 0, 0, 0, 0, 0,
      0, 0, 0, 0, 0, 0, 0, 0, 0, 0,
      0, 0, 0, 0, 0, 0, 0, 0, 0, 1
    ],
    [
      1, 0, 0, 0, 0, 0, 0, 0, 0, 0,
      0, 0, 0, 0, 0, 1, 1, 0, 0, 0,
      0, 0, 0, 0, 1, 1, 0, 0, 0, 0,
      0, 0, 0, 0, 0, 0, 0, 0, 0, 1
    ],
    [
      1, 0, 0, 0, 0, 0, 0, 0, 0, 0,
      0, 0, 0, 0, 0, 1, 1, 0, 0, 0,
      0, 0, 0, 0, 1, 1, 0, 0, 0, 0,
      0, 0, 0, 0, 0, 0, 0, 0, 0, 1
    ],
    [
      1, 0, 0, 0, 0, 0, 0, 0, 0, 0,
      0, 0, 0, 0, 0, 1, 1, 0, 0, 0,
      0, 0, 0, 0, 1, 1, 0, 0, 0, 0,
      0, 0, 0, 0, 0, 0, 0, 0, 0, 1
    ],
    [
      1, 0, 0, 0, 0, 0, 0, 0, 0, 0,
      0, 0, 0, 0, 0, 1, 1, 0, 0, 0,
      0, 0, 0, 0, 1, 1, 0, 0, 0, 0,
      0, 0, 0, 0, 0, 0, 0, 0, 0, 1
    ],
    [
      1, 0, 0, 0, 0, 0, 0, 0, 0, 0,
      0, 0, 0, 0, 0, 1, 1, 0, 0, 0,
      0, 0, 0, 0, 1, 1, 0, 0, 0, 0,
      0, 0, 0, 0, 0, 0, 0, 0, 0, 1
    ],
    [
      1, 0, 0, 0, 0, 0, 0, 0, 0, 0,
      0, 0, 0, 0, 0, 1, 1, 0, 0, 0,
      0, 0, 0, 0, 1, 1, 0, 0, 0, 0,
      0, 0, 0, 0, 0, 0, 0, 0, 0, 1
    ],
    [
      1, 0, 0, 0, 0, 0, 0, 0, 0, 0,
      0, 0, 0, 0, 0, 1, 1, 0, 0, 0,
      0, 0, 0, 0, 1, 1, 0, 0, 0, 0,
      0, 0, 0, 0, 0, 0, 0, 0, 0, 1
    ],
    [
      1, 0, 0, 0, 0, 0, 0, 0, 0, 0,
      0, 0, 0, 0, 1, 1, 1, 0, 0, 0,
      0, 0, 0, 0, 1, 1, 0, 0, 0, 0,
      0, 0, 0, 0, 0, 0, 0, 0, 0, 1
    ],
    [
      1, 0, 0, 0, 0, 0, 0, 0, 0, 0,
      0, 0, 0, 0, 0, 1, 1, 0, 0, 0,
      0, 0, 0, 0, 1, 1, 0, 0, 0, 0,
      0, 0, 0, 0, 0, 0, 0, 0, 0, 1
    ],
    [
      1, 0, 0, 0, 0, 0, 0, 0, 0, 0,
      0, 0, 0, 0, 0, 1, 1, 0, 0, 0,
      0, 0, 0, 0, 1, 1, 0, 0, 0, 0,
      0, 0, 0, 0, 0, 0, 0, 0, 0, 1
    ],
    [
      1, 0, 0, 0, 0, 0, 0, 0, 0, 0,
      0, 0, 0, 0, 0, 1, 1, 0, 0, 0,
      0, 0, 0, 0, 1, 1, 0, 0, 0, 0,
      0, 0, 0, 0, 0, 0, 0, 0, 0, 1
    ],
    [
      1, 0, 0, 0, 0, 0, 0, 0, 0, 0,
      0, 0, 0, 0, 0, 1, 1, 0, 0, 0,
      0, 0, 0, 0, 1, 1, 0, 0, 0, 0,
      0, 0, 0, 0, 0, 0, 0, 0, 0, 1
    ],
    [
      1, 0, 0, 0, 0, 0, 0, 0, 0, 0,
      0, 0, 0, 0, 0, 1, 1, 0, 0, 0,
      0, 0, 0, 0, 1, 1, 0, 0, 0, 0,
      0, 0, 0, 0, 0, 0, 0, 0, 0, 1
    ],
    [
      1, 0, 0, 0, 0, 0, 0, 0, 0, 0,
      0, 0, 0, 0, 0, 1, 1, 0, 0, 0,
      0, 0, 0, 0, 1, 1, 0, 0, 0, 0,
      0, 0, 0, 0, 0, 0, 0, 0, 0, 1
    ],
    [
      1, 0, 0, 0, 0, 0, 0, 0, 0, 0,
      0, 0, 0, 0, 0, 1, 1, 0, 0, 0,
      0, 0, 0, 0, 1, 1, 0, 0, 0, 0,
      0, 0, 0, 0, 0, 0, 0, 0, 0, 1
    ],
    [
      1, 1, 1, 1, 1, 1, 1, 1, 1, 1,
      1, 1, 1, 1, 1, 1, 1, 1, 1, 1,
      1, 1, 1, 1, 1, 1, 1, 1, 1, 1,
      1, 1, 1, 1, 1, 1, 1, 1, 1, 1
    ]
  ],
  rawWalls: 177,
  rawFloors: 623,
  baseFamily: 'ground_red',
  wallFamily: 'water_chasm'
}
6:30:42 PM [vite] (client) page reload src/heroLogicHost.ts
[server] disconnected token d51d6962… playerId 1 code 1001 
[server] host disconnected -> starting lease until 1768444248091
[server] clients(after close) [] {
  hostToken: 'd51d6962…',
  hostLeaseUntilMs: 1768444248091,
  now: 1768444243091
}
6:30:49 PM [vite] (client) page reload src/heroLogicHost.ts (x2)
[server] connection established 127.0.0.1:58360
[server] new client connecting... 127.0.0.1:58360
[server] hostToken initialized to d51d6962…
[server] HELLO bound token d51d6962… -> playerId 1 controlSlot 1 profile= LongBlond
[server] clients(after HELLO) [ { playerId: 1, controlSlot: 1, token: 'd51d6962…', state: 1 } ] { hostToken: 'd51d6962…', hostLeaseUntilMs: 0, now: 1768444272952 }
[server] malformed tilemap from host: {
  type: 'tilemap',
  rev: 12,
  worldRev: 2,
  floorIndex: 0,
  floorKind: 'entrance',
  tileSize: 32,
  rows: 20,
  cols: 40,
  grid: [
    [
      1, 1, 1, 1, 1, 1, 1, 1, 1, 1,
      1, 1, 1, 1, 1, 1, 1, 1, 1, 1,
      1, 1, 1, 1, 1, 1, 1, 1, 1, 1,
      1, 1, 1, 1, 1, 1, 1, 1, 1, 1
    ],
    [
      1, 0, 0, 0, 0, 0, 0, 0, 0, 0,
      0, 0, 0, 0, 0, 0, 0, 0, 0, 0,
      0, 0, 0, 0, 0, 0, 0, 0, 0, 0,
      0, 0, 0, 0, 0, 0, 0, 0, 0, 1
    ],
    [
      1, 0, 0, 0, 0, 0, 0, 0, 0, 0,
      0, 0, 0, 0, 0, 0, 0, 0, 0, 0,
      0, 0, 0, 0, 0, 0, 0, 0, 0, 0,
      0, 0, 0, 0, 0, 0, 0, 0, 0, 1
    ],
    [
      1, 0, 0, 0, 0, 0, 0, 0, 0, 0,
      0, 0, 0, 0, 0, 0, 0, 0, 0, 0,
      0, 0, 0, 0, 0, 0, 0, 0, 0, 0,
      0, 0, 0, 0, 0, 0, 0, 0, 0, 1
    ],
    [
      1, 0, 0, 0, 0, 0, 0, 0, 0, 0,
      0, 0, 0, 0, 0, 1, 1, 0, 0, 0,
      0, 0, 0, 0, 1, 1, 0, 0, 0, 0,
      0, 0, 0, 0, 0, 0, 0, 0, 0, 1
    ],
    [
      1, 0, 0, 0, 0, 0, 0, 0, 0, 0,
      0, 0, 0, 0, 0, 1, 1, 0, 0, 0,
      0, 0, 0, 0, 1, 1, 0, 0, 0, 0,
      0, 0, 0, 0, 0, 0, 0, 0, 0, 1
    ],
    [
      1, 0, 0, 0, 0, 0, 0, 0, 0, 0,
      0, 0, 0, 0, 0, 1, 1, 0, 0, 0,
      0, 0, 0, 0, 1, 1, 0, 0, 0, 0,
      0, 0, 0, 0, 0, 0, 0, 0, 0, 1
    ],
    [
      1, 0, 0, 0, 0, 0, 0, 0, 0, 0,
      0, 0, 0, 0, 0, 1, 1, 0, 0, 0,
      0, 0, 0, 0, 1, 1, 0, 0, 0, 0,
      0, 0, 0, 0, 0, 0, 0, 0, 0, 1
    ],
    [
      1, 0, 0, 0, 0, 0, 0, 0, 0, 0,
      0, 0, 0, 0, 0, 1, 1, 0, 0, 0,
      0, 0, 0, 0, 1, 1, 0, 0, 0, 0,
      0, 0, 0, 0, 0, 0, 0, 0, 0, 1
    ],
    [
      1, 0, 0, 0, 0, 0, 0, 0, 0, 0,
      0, 0, 0, 0, 0, 1, 1, 0, 0, 0,
      0, 0, 0, 0, 1, 1, 0, 0, 0, 0,
      0, 0, 0, 0, 0, 0, 0, 0, 0, 1
    ],
    [
      1, 0, 0, 0, 0, 0, 0, 0, 0, 0,
      0, 0, 0, 0, 0, 1, 1, 0, 0, 0,
      0, 0, 0, 0, 1, 1, 0, 0, 0, 0,
      0, 0, 0, 0, 0, 0, 0, 0, 0, 1
    ],
    [
      1, 0, 0, 0, 0, 0, 0, 0, 0, 0,
      0, 0, 0, 0, 1, 1, 1, 0, 0, 0,
      0, 0, 0, 0, 1, 1, 0, 0, 0, 0,
      0, 0, 0, 0, 0, 0, 0, 0, 0, 1
    ],
    [
      1, 0, 0, 0, 0, 0, 0, 0, 0, 0,
      0, 0, 0, 0, 0, 1, 1, 0, 0, 0,
      0, 0, 0, 0, 1, 1, 0, 0, 0, 0,
      0, 0, 0, 0, 0, 0, 0, 0, 0, 1
    ],
    [
      1, 0, 0, 0, 0, 0, 0, 0, 0, 0,
      0, 0, 0, 0, 0, 1, 1, 0, 0, 0,
      0, 0, 0, 0, 1, 1, 0, 0, 0, 0,
      0, 0, 0, 0, 0, 0, 0, 0, 0, 1
    ],
    [
      1, 0, 0, 0, 0, 0, 0, 0, 0, 0,
      0, 0, 0, 0, 0, 1, 1, 0, 0, 0,
      0, 0, 0, 0, 1, 1, 0, 0, 0, 0,
      0, 0, 0, 0, 0, 0, 0, 0, 0, 1
    ],
    [
      1, 0, 0, 0, 0, 0, 0, 0, 0, 0,
      0, 0, 0, 0, 0, 1, 1, 0, 0, 0,
      0, 0, 0, 0, 1, 1, 0, 0, 0, 0,
      0, 0, 0, 0, 0, 0, 0, 0, 0, 1
    ],
    [
      1, 0, 0, 0, 0, 0, 0, 0, 0, 0,
      0, 0, 0, 0, 0, 1, 1, 0, 0, 0,
      0, 0, 0, 0, 1, 1, 0, 0, 0, 0,
      0, 0, 0, 0, 0, 0, 0, 0, 0, 1
    ],
    [
      1, 0, 0, 0, 0, 0, 0, 0, 0, 0,
      0, 0, 0, 0, 0, 1, 1, 0, 0, 0,
      0, 0, 0, 0, 1, 1, 0, 0, 0, 0,
      0, 0, 0, 0, 0, 0, 0, 0, 0, 1
    ],
    [
      1, 0, 0, 0, 0, 0, 0, 0, 0, 0,
      0, 0, 0, 0, 0, 1, 1, 0, 0, 0,
      0, 0, 0, 0, 1, 1, 0, 0, 0, 0,
      0, 0, 0, 0, 0, 0, 0, 0, 0, 1
    ],
    [
      1, 1, 1, 1, 1, 1, 1, 1, 1, 1,
      1, 1, 1, 1, 1, 1, 1, 1, 1, 1,
      1, 1, 1, 1, 1, 1, 1, 1, 1, 1,
      1, 1, 1, 1, 1, 1, 1, 1, 1, 1
    ]
  ],
  rawWalls: 177,
  rawFloors: 623,
  baseFamily: 'sand',
  wallFamily: 'chasm_light'
}
[server] malformed tilemap from host: {
  type: 'tilemap',
  rev: 12,
  worldRev: 2,
  floorIndex: 0,
  floorKind: 'entrance',
  tileSize: 32,
  rows: 20,
  cols: 40,
  grid: [
    [
      1, 1, 1, 1, 1, 1, 1, 1, 1, 1,
      1, 1, 1, 1, 1, 1, 1, 1, 1, 1,
      1, 1, 1, 1, 1, 1, 1, 1, 1, 1,
      1, 1, 1, 1, 1, 1, 1, 1, 1, 1
    ],
    [
      1, 0, 0, 0, 0, 0, 0, 0, 0, 0,
      0, 0, 0, 0, 0, 0, 0, 0, 0, 0,
      0, 0, 0, 0, 0, 0, 0, 0, 0, 0,
      0, 0, 0, 0, 0, 0, 0, 0, 0, 1
    ],
    [
      1, 0, 0, 0, 0, 0, 0, 0, 0, 0,
      0, 0, 0, 0, 0, 0, 0, 0, 0, 0,
      0, 0, 0, 0, 0, 0, 0, 0, 0, 0,
      0, 0, 0, 0, 0, 0, 0, 0, 0, 1
    ],
    [
      1, 0, 0, 0, 0, 0, 0, 0, 0, 0,
      0, 0, 0, 0, 0, 0, 0, 0, 0, 0,
      0, 0, 0, 0, 0, 0, 0, 0, 0, 0,
      0, 0, 0, 0, 0, 0, 0, 0, 0, 1
    ],
    [
      1, 0, 0, 0, 0, 0, 0, 0, 0, 0,
      0, 0, 0, 0, 0, 1, 1, 0, 0, 0,
      0, 0, 0, 0, 1, 1, 0, 0, 0, 0,
      0, 0, 0, 0, 0, 0, 0, 0, 0, 1
    ],
    [
      1, 0, 0, 0, 0, 0, 0, 0, 0, 0,
      0, 0, 0, 0, 0, 1, 1, 0, 0, 0,
      0, 0, 0, 0, 1, 1, 0, 0, 0, 0,
      0, 0, 0, 0, 0, 0, 0, 0, 0, 1
    ],
    [
      1, 0, 0, 0, 0, 0, 0, 0, 0, 0,
      0, 0, 0, 0, 0, 1, 1, 0, 0, 0,
      0, 0, 0, 0, 1, 1, 0, 0, 0, 0,
      0, 0, 0, 0, 0, 0, 0, 0, 0, 1
    ],
    [
      1, 0, 0, 0, 0, 0, 0, 0, 0, 0,
      0, 0, 0, 0, 0, 1, 1, 0, 0, 0,
      0, 0, 0, 0, 1, 1, 0, 0, 0, 0,
      0, 0, 0, 0, 0, 0, 0, 0, 0, 1
    ],
    [
      1, 0, 0, 0, 0, 0, 0, 0, 0, 0,
      0, 0, 0, 0, 0, 1, 1, 0, 0, 0,
      0, 0, 0, 0, 1, 1, 0, 0, 0, 0,
      0, 0, 0, 0, 0, 0, 0, 0, 0, 1
    ],
    [
      1, 0, 0, 0, 0, 0, 0, 0, 0, 0,
      0, 0, 0, 0, 0, 1, 1, 0, 0, 0,
      0, 0, 0, 0, 1, 1, 0, 0, 0, 0,
      0, 0, 0, 0, 0, 0, 0, 0, 0, 1
    ],
    [
      1, 0, 0, 0, 0, 0, 0, 0, 0, 0,
      0, 0, 0, 0, 0, 1, 1, 0, 0, 0,
      0, 0, 0, 0, 1, 1, 0, 0, 0, 0,
      0, 0, 0, 0, 0, 0, 0, 0, 0, 1
    ],
    [
      1, 0, 0, 0, 0, 0, 0, 0, 0, 0,
      0, 0, 0, 0, 1, 1, 1, 0, 0, 0,
      0, 0, 0, 0, 1, 1, 0, 0, 0, 0,
      0, 0, 0, 0, 0, 0, 0, 0, 0, 1
    ],
    [
      1, 0, 0, 0, 0, 0, 0, 0, 0, 0,
      0, 0, 0, 0, 0, 1, 1, 0, 0, 0,
      0, 0, 0, 0, 1, 1, 0, 0, 0, 0,
      0, 0, 0, 0, 0, 0, 0, 0, 0, 1
    ],
    [
      1, 0, 0, 0, 0, 0, 0, 0, 0, 0,
      0, 0, 0, 0, 0, 1, 1, 0, 0, 0,
      0, 0, 0, 0, 1, 1, 0, 0, 0, 0,
      0, 0, 0, 0, 0, 0, 0, 0, 0, 1
    ],
    [
      1, 0, 0, 0, 0, 0, 0, 0, 0, 0,
      0, 0, 0, 0, 0, 1, 1, 0, 0, 0,
      0, 0, 0, 0, 1, 1, 0, 0, 0, 0,
      0, 0, 0, 0, 0, 0, 0, 0, 0, 1
    ],
    [
      1, 0, 0, 0, 0, 0, 0, 0, 0, 0,
      0, 0, 0, 0, 0, 1, 1, 0, 0, 0,
      0, 0, 0, 0, 1, 1, 0, 0, 0, 0,
      0, 0, 0, 0, 0, 0, 0, 0, 0, 1
    ],
    [
      1, 0, 0, 0, 0, 0, 0, 0, 0, 0,
      0, 0, 0, 0, 0, 1, 1, 0, 0, 0,
      0, 0, 0, 0, 1, 1, 0, 0, 0, 0,
      0, 0, 0, 0, 0, 0, 0, 0, 0, 1
    ],
    [
      1, 0, 0, 0, 0, 0, 0, 0, 0, 0,
      0, 0, 0, 0, 0, 1, 1, 0, 0, 0,
      0, 0, 0, 0, 1, 1, 0, 0, 0, 0,
      0, 0, 0, 0, 0, 0, 0, 0, 0, 1
    ],
    [
      1, 0, 0, 0, 0, 0, 0, 0, 0, 0,
      0, 0, 0, 0, 0, 1, 1, 0, 0, 0,
      0, 0, 0, 0, 1, 1, 0, 0, 0, 0,
      0, 0, 0, 0, 0, 0, 0, 0, 0, 1
    ],
    [
      1, 1, 1, 1, 1, 1, 1, 1, 1, 1,
      1, 1, 1, 1, 1, 1, 1, 1, 1, 1,
      1, 1, 1, 1, 1, 1, 1, 1, 1, 1,
      1, 1, 1, 1, 1, 1, 1, 1, 1, 1
    ]
  ],
  rawWalls: 177,
  rawFloors: 623,
  baseFamily: 'sand',
  wallFamily: 'chasm_light'
}
6:31:13 PM [vite] (client) page reload src/heroLogicHost.ts (x3)
[server] disconnected token d51d6962… playerId 1 code 1001 
[server] host disconnected -> starting lease until 1768444278728
[server] clients(after close) [] {
  hostToken: 'd51d6962…',
  hostLeaseUntilMs: 1768444278728,
  now: 1768444273728
}
[server] connection established 127.0.0.1:58818
[server] new client connecting... 127.0.0.1:58818
[server] hostToken initialized to d51d6962…
[server] HELLO bound token d51d6962… -> playerId 1 controlSlot 1 profile= LongBlond
[server] clients(after HELLO) [ { playerId: 1, controlSlot: 1, token: 'd51d6962…', state: 1 } ] { hostToken: 'd51d6962…', hostLeaseUntilMs: 0, now: 1768444280217 }
[server] malformed tilemap from host: {
  type: 'tilemap',
  rev: 14,
  worldRev: 2,
  floorIndex: 0,
  floorKind: 'entrance',
  tileSize: 32,
  rows: 20,
  cols: 40,
  grid: [
    [
      1, 1, 1, 1, 1, 1, 1, 1, 1, 1,
      1, 1, 1, 1, 1, 1, 1, 1, 1, 1,
      1, 1, 1, 1, 1, 1, 1, 1, 1, 1,
      1, 1, 1, 1, 1, 1, 1, 1, 1, 1
    ],
    [
      1, 0, 0, 0, 0, 0, 0, 0, 0, 0,
      0, 0, 0, 0, 0, 0, 0, 0, 0, 0,
      0, 0, 0, 0, 0, 0, 0, 0, 0, 0,
      0, 0, 0, 0, 0, 0, 0, 0, 0, 1
    ],
    [
      1, 0, 0, 0, 0, 0, 0, 0, 0, 0,
      0, 0, 0, 0, 0, 0, 0, 0, 0, 0,
      0, 0, 0, 0, 0, 0, 0, 0, 0, 0,
      0, 0, 0, 0, 0, 0, 0, 0, 0, 1
    ],
    [
      1, 0, 0, 0, 0, 0, 0, 0, 0, 0,
      0, 0, 0, 0, 0, 0, 0, 0, 0, 0,
      0, 0, 0, 0, 0, 0, 0, 0, 0, 0,
      0, 0, 0, 0, 0, 0, 0, 0, 0, 1
    ],
    [
      1, 0, 0, 0, 0, 0, 0, 0, 0, 0,
      0, 0, 0, 0, 0, 1, 1, 0, 0, 0,
      0, 0, 0, 0, 1, 1, 0, 0, 0, 0,
      0, 0, 0, 0, 0, 0, 0, 0, 0, 1
    ],
    [
      1, 0, 0, 0, 0, 0, 0, 0, 0, 0,
      0, 0, 0, 0, 0, 1, 1, 0, 0, 0,
      0, 0, 0, 0, 1, 1, 0, 0, 0, 0,
      0, 0, 0, 0, 0, 0, 0, 0, 0, 1
    ],
    [
      1, 0, 0, 0, 0, 0, 0, 0, 0, 0,
      0, 0, 0, 0, 0, 1, 1, 0, 0, 0,
      0, 0, 0, 0, 1, 1, 0, 0, 0, 0,
      0, 0, 0, 0, 0, 0, 0, 0, 0, 1
    ],
    [
      1, 0, 0, 0, 0, 0, 0, 0, 0, 0,
      0, 0, 0, 0, 0, 1, 1, 0, 0, 0,
      0, 0, 0, 0, 1, 1, 0, 0, 0, 0,
      0, 0, 0, 0, 0, 0, 0, 0, 0, 1
    ],
    [
      1, 0, 0, 0, 0, 0, 0, 0, 0, 0,
      0, 0, 0, 0, 0, 1, 1, 0, 0, 0,
      0, 0, 0, 0, 1, 1, 0, 0, 0, 0,
      0, 0, 0, 0, 0, 0, 0, 0, 0, 1
    ],
    [
      1, 0, 0, 0, 0, 0, 0, 0, 0, 0,
      0, 0, 0, 0, 0, 1, 1, 0, 0, 0,
      0, 0, 0, 0, 1, 1, 0, 0, 0, 0,
      0, 0, 0, 0, 0, 0, 0, 0, 0, 1
    ],
    [
      1, 0, 0, 0, 0, 0, 0, 0, 0, 0,
      0, 0, 0, 0, 0, 1, 1, 0, 0, 0,
      0, 0, 0, 0, 1, 1, 0, 0, 0, 0,
      0, 0, 0, 0, 0, 0, 0, 0, 0, 1
    ],
    [
      1, 0, 0, 0, 0, 0, 0, 0, 0, 0,
      0, 0, 0, 0, 1, 1, 1, 0, 0, 0,
      0, 0, 0, 0, 1, 1, 0, 0, 0, 0,
      0, 0, 0, 0, 0, 0, 0, 0, 0, 1
    ],
    [
      1, 0, 0, 0, 0, 0, 0, 0, 0, 0,
      0, 0, 0, 0, 0, 1, 1, 0, 0, 0,
      0, 0, 0, 0, 1, 1, 0, 0, 0, 0,
      0, 0, 0, 0, 0, 0, 0, 0, 0, 1
    ],
    [
      1, 0, 0, 0, 0, 0, 0, 0, 0, 0,
      0, 0, 0, 0, 0, 1, 1, 0, 0, 0,
      0, 0, 0, 0, 1, 1, 0, 0, 0, 0,
      0, 0, 0, 0, 0, 0, 0, 0, 0, 1
    ],
    [
      1, 0, 0, 0, 0, 0, 0, 0, 0, 0,
      0, 0, 0, 0, 0, 1, 1, 0, 0, 0,
      0, 0, 0, 0, 1, 1, 0, 0, 0, 0,
      0, 0, 0, 0, 0, 0, 0, 0, 0, 1
    ],
    [
      1, 0, 0, 0, 0, 0, 0, 0, 0, 0,
      0, 0, 0, 0, 0, 1, 1, 0, 0, 0,
      0, 0, 0, 0, 1, 1, 0, 0, 0, 0,
      0, 0, 0, 0, 0, 0, 0, 0, 0, 1
    ],
    [
      1, 0, 0, 0, 0, 0, 0, 0, 0, 0,
      0, 0, 0, 0, 0, 1, 1, 0, 0, 0,
      0, 0, 0, 0, 1, 1, 0, 0, 0, 0,
      0, 0, 0, 0, 0, 0, 0, 0, 0, 1
    ],
    [
      1, 0, 0, 0, 0, 0, 0, 0, 0, 0,
      0, 0, 0, 0, 0, 1, 1, 0, 0, 0,
      0, 0, 0, 0, 1, 1, 0, 0, 0, 0,
      0, 0, 0, 0, 0, 0, 0, 0, 0, 1
    ],
    [
      1, 0, 0, 0, 0, 0, 0, 0, 0, 0,
      0, 0, 0, 0, 0, 1, 1, 0, 0, 0,
      0, 0, 0, 0, 1, 1, 0, 0, 0, 0,
      0, 0, 0, 0, 0, 0, 0, 0, 0, 1
    ],
    [
      1, 1, 1, 1, 1, 1, 1, 1, 1, 1,
      1, 1, 1, 1, 1, 1, 1, 1, 1, 1,
      1, 1, 1, 1, 1, 1, 1, 1, 1, 1,
      1, 1, 1, 1, 1, 1, 1, 1, 1, 1
    ]
  ],
  rawWalls: 177,
  rawFloors: 623,
  baseFamily: 'grass_dark',
  wallFamily: 'chasm_black'
}
[server] malformed tilemap from host: {
  type: 'tilemap',
  rev: 14,
  worldRev: 2,
  floorIndex: 0,
  floorKind: 'entrance',
  tileSize: 32,
  rows: 20,
  cols: 40,
  grid: [
    [
      1, 1, 1, 1, 1, 1, 1, 1, 1, 1,
      1, 1, 1, 1, 1, 1, 1, 1, 1, 1,
      1, 1, 1, 1, 1, 1, 1, 1, 1, 1,
      1, 1, 1, 1, 1, 1, 1, 1, 1, 1
    ],
    [
      1, 0, 0, 0, 0, 0, 0, 0, 0, 0,
      0, 0, 0, 0, 0, 0, 0, 0, 0, 0,
      0, 0, 0, 0, 0, 0, 0, 0, 0, 0,
      0, 0, 0, 0, 0, 0, 0, 0, 0, 1
    ],
    [
      1, 0, 0, 0, 0, 0, 0, 0, 0, 0,
      0, 0, 0, 0, 0, 0, 0, 0, 0, 0,
      0, 0, 0, 0, 0, 0, 0, 0, 0, 0,
      0, 0, 0, 0, 0, 0, 0, 0, 0, 1
    ],
    [
      1, 0, 0, 0, 0, 0, 0, 0, 0, 0,
      0, 0, 0, 0, 0, 0, 0, 0, 0, 0,
      0, 0, 0, 0, 0, 0, 0, 0, 0, 0,
      0, 0, 0, 0, 0, 0, 0, 0, 0, 1
    ],
    [
      1, 0, 0, 0, 0, 0, 0, 0, 0, 0,
      0, 0, 0, 0, 0, 1, 1, 0, 0, 0,
      0, 0, 0, 0, 1, 1, 0, 0, 0, 0,
      0, 0, 0, 0, 0, 0, 0, 0, 0, 1
    ],
    [
      1, 0, 0, 0, 0, 0, 0, 0, 0, 0,
      0, 0, 0, 0, 0, 1, 1, 0, 0, 0,
      0, 0, 0, 0, 1, 1, 0, 0, 0, 0,
      0, 0, 0, 0, 0, 0, 0, 0, 0, 1
    ],
    [
      1, 0, 0, 0, 0, 0, 0, 0, 0, 0,
      0, 0, 0, 0, 0, 1, 1, 0, 0, 0,
      0, 0, 0, 0, 1, 1, 0, 0, 0, 0,
      0, 0, 0, 0, 0, 0, 0, 0, 0, 1
    ],
    [
      1, 0, 0, 0, 0, 0, 0, 0, 0, 0,
      0, 0, 0, 0, 0, 1, 1, 0, 0, 0,
      0, 0, 0, 0, 1, 1, 0, 0, 0, 0,
      0, 0, 0, 0, 0, 0, 0, 0, 0, 1
    ],
    [
      1, 0, 0, 0, 0, 0, 0, 0, 0, 0,
      0, 0, 0, 0, 0, 1, 1, 0, 0, 0,
      0, 0, 0, 0, 1, 1, 0, 0, 0, 0,
      0, 0, 0, 0, 0, 0, 0, 0, 0, 1
    ],
    [
      1, 0, 0, 0, 0, 0, 0, 0, 0, 0,
      0, 0, 0, 0, 0, 1, 1, 0, 0, 0,
      0, 0, 0, 0, 1, 1, 0, 0, 0, 0,
      0, 0, 0, 0, 0, 0, 0, 0, 0, 1
    ],
    [
      1, 0, 0, 0, 0, 0, 0, 0, 0, 0,
      0, 0, 0, 0, 0, 1, 1, 0, 0, 0,
      0, 0, 0, 0, 1, 1, 0, 0, 0, 0,
      0, 0, 0, 0, 0, 0, 0, 0, 0, 1
    ],
    [
      1, 0, 0, 0, 0, 0, 0, 0, 0, 0,
      0, 0, 0, 0, 1, 1, 1, 0, 0, 0,
      0, 0, 0, 0, 1, 1, 0, 0, 0, 0,
      0, 0, 0, 0, 0, 0, 0, 0, 0, 1
    ],
    [
      1, 0, 0, 0, 0, 0, 0, 0, 0, 0,
      0, 0, 0, 0, 0, 1, 1, 0, 0, 0,
      0, 0, 0, 0, 1, 1, 0, 0, 0, 0,
      0, 0, 0, 0, 0, 0, 0, 0, 0, 1
    ],
    [
      1, 0, 0, 0, 0, 0, 0, 0, 0, 0,
      0, 0, 0, 0, 0, 1, 1, 0, 0, 0,
      0, 0, 0, 0, 1, 1, 0, 0, 0, 0,
      0, 0, 0, 0, 0, 0, 0, 0, 0, 1
    ],
    [
      1, 0, 0, 0, 0, 0, 0, 0, 0, 0,
      0, 0, 0, 0, 0, 1, 1, 0, 0, 0,
      0, 0, 0, 0, 1, 1, 0, 0, 0, 0,
      0, 0, 0, 0, 0, 0, 0, 0, 0, 1
    ],
    [
      1, 0, 0, 0, 0, 0, 0, 0, 0, 0,
      0, 0, 0, 0, 0, 1, 1, 0, 0, 0,
      0, 0, 0, 0, 1, 1, 0, 0, 0, 0,
      0, 0, 0, 0, 0, 0, 0, 0, 0, 1
    ],
    [
      1, 0, 0, 0, 0, 0, 0, 0, 0, 0,
      0, 0, 0, 0, 0, 1, 1, 0, 0, 0,
      0, 0, 0, 0, 1, 1, 0, 0, 0, 0,
      0, 0, 0, 0, 0, 0, 0, 0, 0, 1
    ],
    [
      1, 0, 0, 0, 0, 0, 0, 0, 0, 0,
      0, 0, 0, 0, 0, 1, 1, 0, 0, 0,
      0, 0, 0, 0, 1, 1, 0, 0, 0, 0,
      0, 0, 0, 0, 0, 0, 0, 0, 0, 1
    ],
    [
      1, 0, 0, 0, 0, 0, 0, 0, 0, 0,
      0, 0, 0, 0, 0, 1, 1, 0, 0, 0,
      0, 0, 0, 0, 1, 1, 0, 0, 0, 0,
      0, 0, 0, 0, 0, 0, 0, 0, 0, 1
    ],
    [
      1, 1, 1, 1, 1, 1, 1, 1, 1, 1,
      1, 1, 1, 1, 1, 1, 1, 1, 1, 1,
      1, 1, 1, 1, 1, 1, 1, 1, 1, 1,
      1, 1, 1, 1, 1, 1, 1, 1, 1, 1
    ]
  ],
  rawWalls: 177,
  rawFloors: 623,
  baseFamily: 'grass_dark',
  wallFamily: 'chasm_black'
}
[server] connection established 192.168.68.67:49648
[server] new client connecting... 192.168.68.67:49648
[server] HELLO bound token t_0def1b… -> playerId 2 controlSlot 2 profile= Jason
[server] clients(after HELLO) [
  { playerId: 1, controlSlot: 1, token: 'd51d6962…', state: 1 },
  { playerId: 2, controlSlot: 2, token: 't_0def1b…', state: 1 }
] { hostToken: 'd51d6962…', hostLeaseUntilMs: 0, now: 1768444291589 }
6:31:49 PM [vite] (client) page reload src/HeroEngineInPhaser.ts
[server] disconnected token d51d6962… playerId 1 code 1001 
[server] host disconnected -> starting lease until 1768444315104
[server] clients(after close) [ { playerId: 2, controlSlot: 2, token: 't_0def1b…', state: 1 } ] {
  hostToken: 'd51d6962…',
  hostLeaseUntilMs: 1768444315104,
  now: 1768444310104
}
[server] malformed tilemap from host: {
  type: 'tilemap',
  rev: 16,
  worldRev: 2,
  floorIndex: 0,
  floorKind: 'entrance',
  tileSize: 32,
  rows: 20,
  cols: 40,
  grid: [
    [
      1, 1, 1, 1, 1, 1, 1, 1, 1, 1,
      1, 1, 1, 1, 1, 1, 1, 1, 1, 1,
      1, 1, 1, 1, 1, 1, 1, 1, 1, 1,
      1, 1, 1, 1, 1, 1, 1, 1, 1, 1
    ],
    [
      1, 0, 0, 0, 0, 0, 0, 0, 0, 0,
      0, 0, 0, 0, 0, 0, 0, 0, 0, 0,
      0, 0, 0, 0, 0, 0, 0, 0, 0, 0,
      0, 0, 0, 0, 0, 0, 0, 0, 0, 1
    ],
    [
      1, 0, 0, 0, 0, 0, 0, 0, 0, 0,
      0, 0, 0, 0, 0, 0, 0, 0, 0, 0,
      0, 0, 0, 0, 0, 0, 0, 0, 0, 0,
      0, 0, 0, 0, 0, 0, 0, 0, 0, 1
    ],
    [
      1, 0, 0, 0, 0, 0, 0, 0, 0, 0,
      0, 0, 0, 0, 0, 0, 0, 0, 0, 0,
      0, 0, 0, 0, 0, 0, 0, 0, 0, 0,
      0, 0, 0, 0, 0, 0, 0, 0, 0, 1
    ],
    [
      1, 0, 0, 0, 0, 0, 0, 0, 0, 0,
      0, 0, 0, 0, 0, 1, 1, 0, 0, 0,
      0, 0, 0, 0, 1, 1, 0, 0, 0, 0,
      0, 0, 0, 0, 0, 0, 0, 0, 0, 1
    ],
    [
      1, 0, 0, 0, 0, 0, 0, 0, 0, 0,
      0, 0, 0, 0, 0, 1, 1, 0, 0, 0,
      0, 0, 0, 0, 1, 1, 0, 0, 0, 0,
      0, 0, 0, 0, 0, 0, 0, 0, 0, 1
    ],
    [
      1, 0, 0, 0, 0, 0, 0, 0, 0, 0,
      0, 0, 0, 0, 0, 1, 1, 0, 0, 0,
      0, 0, 0, 0, 1, 1, 0, 0, 0, 0,
      0, 0, 0, 0, 0, 0, 0, 0, 0, 1
    ],
    [
      1, 0, 0, 0, 0, 0, 0, 0, 0, 0,
      0, 0, 0, 0, 0, 1, 1, 0, 0, 0,
      0, 0, 0, 0, 1, 1, 0, 0, 0, 0,
      0, 0, 0, 0, 0, 0, 0, 0, 0, 1
    ],
    [
      1, 0, 0, 0, 0, 0, 0, 0, 0, 0,
      0, 0, 0, 0, 0, 1, 1, 0, 0, 0,
      0, 0, 0, 0, 1, 1, 0, 0, 0, 0,
      0, 0, 0, 0, 0, 0, 0, 0, 0, 1
    ],
    [
      1, 0, 0, 0, 0, 0, 0, 0, 0, 0,
      0, 0, 0, 0, 0, 1, 1, 0, 0, 0,
      0, 0, 0, 0, 1, 1, 0, 0, 0, 0,
      0, 0, 0, 0, 0, 0, 0, 0, 0, 1
    ],
    [
      1, 0, 0, 0, 0, 0, 0, 0, 0, 0,
      0, 0, 0, 0, 0, 1, 1, 0, 0, 0,
      0, 0, 0, 0, 1, 1, 0, 0, 0, 0,
      0, 0, 0, 0, 0, 0, 0, 0, 0, 1
    ],
    [
      1, 0, 0, 0, 0, 0, 0, 0, 0, 0,
      0, 0, 0, 0, 1, 1, 1, 0, 0, 0,
      0, 0, 0, 0, 1, 1, 0, 0, 0, 0,
      0, 0, 0, 0, 0, 0, 0, 0, 0, 1
    ],
    [
      1, 0, 0, 0, 0, 0, 0, 0, 0, 0,
      0, 0, 0, 0, 0, 1, 1, 0, 0, 0,
      0, 0, 0, 0, 1, 1, 0, 0, 0, 0,
      0, 0, 0, 0, 0, 0, 0, 0, 0, 1
    ],
    [
      1, 0, 0, 0, 0, 0, 0, 0, 0, 0,
      0, 0, 0, 0, 0, 1, 1, 0, 0, 0,
      0, 0, 0, 0, 1, 1, 0, 0, 0, 0,
      0, 0, 0, 0, 0, 0, 0, 0, 0, 1
    ],
    [
      1, 0, 0, 0, 0, 0, 0, 0, 0, 0,
      0, 0, 0, 0, 0, 1, 1, 0, 0, 0,
      0, 0, 0, 0, 1, 1, 0, 0, 0, 0,
      0, 0, 0, 0, 0, 0, 0, 0, 0, 1
    ],
    [
      1, 0, 0, 0, 0, 0, 0, 0, 0, 0,
      0, 0, 0, 0, 0, 1, 1, 0, 0, 0,
      0, 0, 0, 0, 1, 1, 0, 0, 0, 0,
      0, 0, 0, 0, 0, 0, 0, 0, 0, 1
    ],
    [
      1, 0, 0, 0, 0, 0, 0, 0, 0, 0,
      0, 0, 0, 0, 0, 1, 1, 0, 0, 0,
      0, 0, 0, 0, 1, 1, 0, 0, 0, 0,
      0, 0, 0, 0, 0, 0, 0, 0, 0, 1
    ],
    [
      1, 0, 0, 0, 0, 0, 0, 0, 0, 0,
      0, 0, 0, 0, 0, 1, 1, 0, 0, 0,
      0, 0, 0, 0, 1, 1, 0, 0, 0, 0,
      0, 0, 0, 0, 0, 0, 0, 0, 0, 1
    ],
    [
      1, 0, 0, 0, 0, 0, 0, 0, 0, 0,
      0, 0, 0, 0, 0, 1, 1, 0, 0, 0,
      0, 0, 0, 0, 1, 1, 0, 0, 0, 0,
      0, 0, 0, 0, 0, 0, 0, 0, 0, 1
    ],
    [
      1, 1, 1, 1, 1, 1, 1, 1, 1, 1,
      1, 1, 1, 1, 1, 1, 1, 1, 1, 1,
      1, 1, 1, 1, 1, 1, 1, 1, 1, 1,
      1, 1, 1, 1, 1, 1, 1, 1, 1, 1
    ]
  ],
  rawWalls: 177,
  rawFloors: 623,
  baseFamily: 'sand',
  wallFamily: 'chasm_black'
}
[server] malformed tilemap from host: {
  type: 'tilemap',
  rev: 16,
  worldRev: 2,
  floorIndex: 0,
  floorKind: 'entrance',
  tileSize: 32,
  rows: 20,
  cols: 40,
  grid: [
    [
      1, 1, 1, 1, 1, 1, 1, 1, 1, 1,
      1, 1, 1, 1, 1, 1, 1, 1, 1, 1,
      1, 1, 1, 1, 1, 1, 1, 1, 1, 1,
      1, 1, 1, 1, 1, 1, 1, 1, 1, 1
    ],
    [
      1, 0, 0, 0, 0, 0, 0, 0, 0, 0,
      0, 0, 0, 0, 0, 0, 0, 0, 0, 0,
      0, 0, 0, 0, 0, 0, 0, 0, 0, 0,
      0, 0, 0, 0, 0, 0, 0, 0, 0, 1
    ],
    [
      1, 0, 0, 0, 0, 0, 0, 0, 0, 0,
      0, 0, 0, 0, 0, 0, 0, 0, 0, 0,
      0, 0, 0, 0, 0, 0, 0, 0, 0, 0,
      0, 0, 0, 0, 0, 0, 0, 0, 0, 1
    ],
    [
      1, 0, 0, 0, 0, 0, 0, 0, 0, 0,
      0, 0, 0, 0, 0, 0, 0, 0, 0, 0,
      0, 0, 0, 0, 0, 0, 0, 0, 0, 0,
      0, 0, 0, 0, 0, 0, 0, 0, 0, 1
    ],
    [
      1, 0, 0, 0, 0, 0, 0, 0, 0, 0,
      0, 0, 0, 0, 0, 1, 1, 0, 0, 0,
      0, 0, 0, 0, 1, 1, 0, 0, 0, 0,
      0, 0, 0, 0, 0, 0, 0, 0, 0, 1
    ],
    [
      1, 0, 0, 0, 0, 0, 0, 0, 0, 0,
      0, 0, 0, 0, 0, 1, 1, 0, 0, 0,
      0, 0, 0, 0, 1, 1, 0, 0, 0, 0,
      0, 0, 0, 0, 0, 0, 0, 0, 0, 1
    ],
    [
      1, 0, 0, 0, 0, 0, 0, 0, 0, 0,
      0, 0, 0, 0, 0, 1, 1, 0, 0, 0,
      0, 0, 0, 0, 1, 1, 0, 0, 0, 0,
      0, 0, 0, 0, 0, 0, 0, 0, 0, 1
    ],
    [
      1, 0, 0, 0, 0, 0, 0, 0, 0, 0,
      0, 0, 0, 0, 0, 1, 1, 0, 0, 0,
      0, 0, 0, 0, 1, 1, 0, 0, 0, 0,
      0, 0, 0, 0, 0, 0, 0, 0, 0, 1
    ],
    [
      1, 0, 0, 0, 0, 0, 0, 0, 0, 0,
      0, 0, 0, 0, 0, 1, 1, 0, 0, 0,
      0, 0, 0, 0, 1, 1, 0, 0, 0, 0,
      0, 0, 0, 0, 0, 0, 0, 0, 0, 1
    ],
    [
      1, 0, 0, 0, 0, 0, 0, 0, 0, 0,
      0, 0, 0, 0, 0, 1, 1, 0, 0, 0,
      0, 0, 0, 0, 1, 1, 0, 0, 0, 0,
      0, 0, 0, 0, 0, 0, 0, 0, 0, 1
    ],
    [
      1, 0, 0, 0, 0, 0, 0, 0, 0, 0,
      0, 0, 0, 0, 0, 1, 1, 0, 0, 0,
      0, 0, 0, 0, 1, 1, 0, 0, 0, 0,
      0, 0, 0, 0, 0, 0, 0, 0, 0, 1
    ],
    [
      1, 0, 0, 0, 0, 0, 0, 0, 0, 0,
      0, 0, 0, 0, 1, 1, 1, 0, 0, 0,
      0, 0, 0, 0, 1, 1, 0, 0, 0, 0,
      0, 0, 0, 0, 0, 0, 0, 0, 0, 1
    ],
    [
      1, 0, 0, 0, 0, 0, 0, 0, 0, 0,
      0, 0, 0, 0, 0, 1, 1, 0, 0, 0,
      0, 0, 0, 0, 1, 1, 0, 0, 0, 0,
      0, 0, 0, 0, 0, 0, 0, 0, 0, 1
    ],
    [
      1, 0, 0, 0, 0, 0, 0, 0, 0, 0,
      0, 0, 0, 0, 0, 1, 1, 0, 0, 0,
      0, 0, 0, 0, 1, 1, 0, 0, 0, 0,
      0, 0, 0, 0, 0, 0, 0, 0, 0, 1
    ],
    [
      1, 0, 0, 0, 0, 0, 0, 0, 0, 0,
      0, 0, 0, 0, 0, 1, 1, 0, 0, 0,
      0, 0, 0, 0, 1, 1, 0, 0, 0, 0,
      0, 0, 0, 0, 0, 0, 0, 0, 0, 1
    ],
    [
      1, 0, 0, 0, 0, 0, 0, 0, 0, 0,
      0, 0, 0, 0, 0, 1, 1, 0, 0, 0,
      0, 0, 0, 0, 1, 1, 0, 0, 0, 0,
      0, 0, 0, 0, 0, 0, 0, 0, 0, 1
    ],
    [
      1, 0, 0, 0, 0, 0, 0, 0, 0, 0,
      0, 0, 0, 0, 0, 1, 1, 0, 0, 0,
      0, 0, 0, 0, 1, 1, 0, 0, 0, 0,
      0, 0, 0, 0, 0, 0, 0, 0, 0, 1
    ],
    [
      1, 0, 0, 0, 0, 0, 0, 0, 0, 0,
      0, 0, 0, 0, 0, 1, 1, 0, 0, 0,
      0, 0, 0, 0, 1, 1, 0, 0, 0, 0,
      0, 0, 0, 0, 0, 0, 0, 0, 0, 1
    ],
    [
      1, 0, 0, 0, 0, 0, 0, 0, 0, 0,
      0, 0, 0, 0, 0, 1, 1, 0, 0, 0,
      0, 0, 0, 0, 1, 1, 0, 0, 0, 0,
      0, 0, 0, 0, 0, 0, 0, 0, 0, 1
    ],
    [
      1, 1, 1, 1, 1, 1, 1, 1, 1, 1,
      1, 1, 1, 1, 1, 1, 1, 1, 1, 1,
      1, 1, 1, 1, 1, 1, 1, 1, 1, 1,
      1, 1, 1, 1, 1, 1, 1, 1, 1, 1
    ]
  ],
  rawWalls: 177,
  rawFloors: 623,
  baseFamily: 'sand',
  wallFamily: 'chasm_black'
}
[server] connection established 127.0.0.1:58483
[server] new client connecting... 127.0.0.1:58483
[server] HELLO bound token d51d6962… -> playerId 1 controlSlot 1 profile= LongBlond
[server] clients(after HELLO) [
  { playerId: 2, controlSlot: 2, token: 't_0def1b…', state: 1 },
  { playerId: 1, controlSlot: 1, token: 'd51d6962…', state: 1 }
] { hostToken: 't_0def1b…', hostLeaseUntilMs: 0, now: 1768444414838 }
  